-0.000000000000	-0.000003084861	-0.000000000000	0.000005500631	0.000000000000	0.000000000000	-0.000000000000	0.000259583526	0.000000000000	0.000000000000
0.000024195479	0.000000000000	0.000001401277	0.000000000000	-0.000232631389	-0.000028394070	0.000079252767	-0.000000000000	0.000729217685	0.000124345093
-0.000000000000	0.000027032146	-0.000000000000	0.000238044701	-0.000000000000	0.000000000000	-0.000000000000	0.000749617665	-0.000000000000	0.000000000000
0.000007925604	0.000000000000	-0.003936177144	-0.000000000000	-0.000449904808	0.011825049598	0.019224101198	-0.000000000000	-0.006176807455	0.026837274152
0.000000000000	-0.000774389181	0.000000000000	-0.003875399194	0.000000000000	0.000000000000	0.000000000000	-0.008216659102	0.000000000000	-0.000000000000
0.000750252048	0.000000000000	-0.000108532218	0.000000000000	-0.004216732639	-0.000133978490	0.001631776091	-0.000000000000	0.009858852695	0.002215339163
-0.000000000000	-0.000009259456	-0.000000000000	-0.000005199645	0.000000000000	0.000000000000	-0.000000000000	0.000483165536	0.000000000000	0.000000000000
0.000095243000	0.000000000000	0.000000128336	0.000000000000	-0.000721620290	-0.000076865362	0.000236879993	-0.000000000000	0.002052814246	0.000352974499
-0.000000000000	0.000102271288	-0.000000000000	0.000710104339	-0.000000000000	0.000000000000	-0.000000000000	0.001975239280	-0.000000000000	0.000000000000
0.000015855553	0.000000000000	-0.007868987941	-0.000000000000	-0.000901838624	0.023603006639	0.038256781768	-0.000000000000	-0.012244535038	0.053159294875
0.000000000000	-0.001542166703	0.000000000000	-0.007499246369	0.000000000000	0.000000000000	0.000000000000	-0.015389729086	0.000000000000	-0.000000000000
0.001498798808	0.000000000000	-0.000334078609	0.000000000000	-0.008227201159	0.000103776195	0.003717483026	-0.000000000000	0.018632176418	0.005021843629
-0.000000000000	-0.000021522992	-0.000000000000	-0.000045502456	0.000000000000	0.000000000000	-0.000000000000	0.000646209467	0.000000000000	0.000000000000
0.000212939537	0.000000000000	-0.000003378968	0.000000000000	-0.001452683167	-0.000145303430	0.000463731114	-0.000000000000	0.003912812904	0.000671117413
-0.000000000000	0.000225064617	-0.000000000000	0.001399274127	-0.000000000000	-0.000000000000	-0.000000000000	0.003609193519	-0.000000000000	0.000000000000
0.000023793961	0.000000000000	-0.011795047168	-0.000000000000	-0.001357550698	0.035286819381	0.056907452209	-0.000000000000	-0.018099816840	0.078457648053
0.000000000000	-0.002302696356	0.000000000000	-0.010870385339	0.000000000000	0.000000000000	0.000000000000	-0.021536602933	0.000000000000	-0.000000000000
0.002245266147	0.000000000000	-0.000676082317	0.000000000000	-0.012028376335	0.000708652394	0.006237004573	-0.000000000000	0.026310215562	0.008368183248
-0.000000000000	-0.000042810824	-0.000000000000	-0.000127369074	0.000000000000	0.000000000000	-0.000000000000	0.000729702387	0.000000000000	0.000000000000
0.000377010448	0.000000000000	-0.000008665961	0.000000000000	-0.002411077783	-0.000233665018	0.000750030864	-0.000000000000	0.006249336678	0.001062532931
-0.000000000000	0.000394584325	-0.000000000000	0.002288082323	-0.000000000000	-0.000000000000	-0.000000000000	0.005584577955	-0.000000000000	0.000000000000
0.000031744938	0.000000000000	-0.015711053710	-0.000000000000	-0.001818627495	0.046830379884	0.074991166728	-0.000000000000	-0.023646265527	0.102248801558
0.000000000000	-0.003055362502	0.000000000000	-0.013988301479	0.000000000000	0.000000000000	0.000000000000	-0.026679224065	0.000000000000	-0.000000000000
0.002989283639	0.000000000000	-0.001133747741	0.000000000000	-0.015617473087	0.001673148557	0.009159323934	-0.000000000000	0.032892681526	0.012174943597
0.000000000000	-0.000075968873	-0.000000000000	-0.000260944333	0.000000000000	0.000000000000	-0.000000000000	0.000721422916	0.000000000000	0.000000000000
0.000587116183	0.000000000000	-0.000015296182	0.000000000000	-0.003581716237	-0.000341654131	0.001086732570	-0.000000000000	0.009000900905	0.001512993533
-0.000000000000	0.000609829868	-0.000000000000	0.003358542395	-0.000000000000	-0.000000000000	-0.000000000000	0.007834875648	-0.000000000000	0.000000000000
0.000039712333	0.000000000000	-0.019613670582	-0.000000000000	-0.002286395607	0.058187690389	0.092326357918	-0.000000000000	-0.028794452583	0.124071521884
0.000000000000	-0.003799561036	0.000000000000	-0.016852831667	0.000000000000	0.000000000000	0.000000000000	-0.030842398726	0.000000000000	-0.000000000000
0.003730482970	0.000000000000	-0.001706113471	0.000000000000	-0.018991773141	0.002987141467	0.012443079874	-0.000000000000	0.038386666012	0.016336675441
0.000000000000	-0.000123755129	-0.000000000000	-0.000454898269	0.000000000000	0.000000000000	-0.000000000000	0.000614249865	0.000000000000	0.000000000000
0.000842848417	0.000000000000	-0.000022814345	0.000000000000	-0.004949131667	-0.000469135249	0.001463885864	-0.000000000000	0.012105146568	0.002006077341
-0.000000000000	0.000869639849	-0.000000000000	0.004592375953	-0.000000000000	-0.000000000000	-0.000000000000	0.010295679678	-0.000000000000	0.000000000000
0.000047700005	0.000000000000	-0.023499687478	-0.000000000000	-0.002762003925	0.069314473748	0.108742488235	-0.000000000000	-0.033465661873	0.143512562093
0.000000000000	-0.004534713164	0.000000000000	-0.019464503145	0.000000000000	0.000000000000	0.000000000001	-0.034055848929	0.000000000000	-0.000000000000
0.004468500988	0.000000000000	-0.002391988938	0.000000000000	-0.022148866424	0.004637791652	0.016037439145	-0.000000000000	0.042808677958	0.020726129560
0.000000000000	-0.000188813269	-0.000000000000	-0.000716071045	0.000000000000	0.000000000000	-0.000000000000	0.000407313027	0.000000000000	0.000000000000
0.001143737512	0.000000000000	-0.000030793132	0.000000000000	-0.006497594831	-0.000615599901	0.001872833011	-0.000000000000	0.015498529316	0.002528758232
-0.000000000000	0.001172697275	-0.000000000000	0.005971069485	-0.000000000000	-0.000000000000	-0.000000000000	0.012904119688	-0.000000000000	0.000000000000
0.000055711577	0.000000000000	-0.027365848273	-0.000000000000	-0.003246424536	0.080166642061	0.124074902885	-0.000000000000	-0.037587955456	0.160194854308
0.000000000000	-0.005260253865	0.000000000000	-0.021824214023	0.000000000000	0.000000000000	0.000000000001	-0.036352236442	0.000000000000	-0.000000000000
0.005202977340	0.000000000001	-0.003190018287	0.000000000000	-0.025086431759	0.006609753231	0.019882534716	-0.000000000000	0.046182007620	0.025196589615
0.000000000000	-0.000273678115	-0.000000000000	-0.001049846443	0.000000000000	0.000000000000	-0.000000000000	0.000104153423	0.000000000000	0.000000000000
0.001489248979	0.000000000000	-0.000038782431	0.000000000000	-0.008211090684	-0.000780791156	0.002303779969	-0.000000000000	0.019117777265	0.003065279208
-0.000000000000	0.001517542219	-0.000000000000	0.007476094555	-0.000000000000	-0.000000000000	-0.000000000000	0.015600695368	-0.000000000000	0.000000000000
0.000063750676	0.000000000000	-0.031209063960	-0.000000000000	-0.003740414639	0.090702561345	0.138174795899	-0.000000000000	-0.041103451741	0.173808322809
0.000000000000	-0.005975647606	0.000000000000	-0.023933581496	0.000000000000	0.000000000000	0.000000000001	-0.037769187548	0.000000000000	-0.000000000000
0.005933558199	0.000000000001	-0.004098629885	0.000000000000	-0.027802510796	0.008885234516	0.023911172561	-0.000000000000	0.048538597024	0.029588863066
0.000000000000	-0.000380749063	-0.000000000000	-0.001459820219	0.000000000000	0.000000000000	0.000000000000	-0.000286227021	0.000000000000	0.000000000000
0.001878791680	0.000000000000	-0.000046369616	0.000000000000	-0.010073433510	-0.000963968707	0.002748727580	-0.000000000000	0.022898975215	0.003604372962
-0.000000000000	0.001902579941	-0.000000000000	0.009088960531	-0.000000000000	-0.000000000000	-0.000000000000	0.018328455326	-0.000000000000	0.000000000000
0.000071820729	0.000000000000	-0.035026190148	-0.000000000000	-0.004244653619	0.100880858743	0.150901491297	-0.000000000000	-0.043960220749	0.184090014721
0.000000000000	-0.006680374570	0.000000000000	-0.025794602803	0.000000000000	0.000000000000	0.000000000001	-0.038347183353	0.000000000000	-0.000000000000
0.006659893186	0.000000000001	-0.005116087403	0.000000000000	-0.030295263737	0.011444099537	0.028048959267	-0.000000000000	0.049916363616	0.033733151768
0.000000000000	-0.000512299489	0.000000000000	-0.001948201351	0.000000000000	0.000000000000	0.000000000000	-0.000751336441	0.000000000000	0.000000000000
0.002311714500	0.000000000000	-0.000053115304	0.000000000000	-0.012068255218	-0.001164730874	0.003198362925	-0.000000000000	0.026779685392	0.004131735912
-0.000000000000	0.002326093698	-0.000000000000	0.010791428803	-0.000000000000	-0.000000000000	-0.000000000000	0.021034916040	-0.000000000000	0.000000000000
0.000079925140	0.000000000000	-0.038814287292	-0.000000000000	-0.004759550006	0.110663287692	0.162134196989	-0.000000000000	-0.046123131870	0.190857334493
0.000000000000	-0.007373947967	0.000000000000	-0.027410003108	0.000000000000	0.000000000000	0.000000000001	-0.038131420475	0.000000000000	-0.000000000000
0.007381639700	0.000000000001	-0.006240455585	0.000000000000	-0.032563257210	0.014264123953	0.032216894234	-0.000000000000	0.050360524044	0.037458467401
0.000000000000	-0.000670450552	0.000000000000	-0.002515504458	0.000000000000	0.000000000000	0.000000000000	-0.001274217606	0.000000000000	0.000000000000
0.002787315263	0.000000000000	-0.000058626781	0.000000000000	-0.014179113954	-0.001382094336	0.003645584706	-0.000000000000	0.030697454231	0.004638273332
-0.000000000000	0.002786255494	-0.000000000000	0.012565553397	-0.000000000000	-0.000000000000	-0.000000000000	0.023670956693	-0.000000000000	0.000000000000
0.000088067165	0.000000000000	-0.042570351338	-0.000000000000	-0.005285545080	0.120011925576	0.171762134844	-0.000000000000	-0.047561623616	0.193981925516
0.000000000000	-0.008055898326	0.000000000000	-0.028782886855	0.000000000000	0.000000000000	0.000000000001	-0.037169715775	0.000000000000	-0.000000000000
0.008098459176	0.000000000001	-0.007469635178	0.000000000000	-0.034605214765	0.017320944314	0.036331034153	-0.000000000000	0.049921373191	0.040593435454
0.000000000000	-0.000857184389	0.000000000000	-0.003160973826	0.000000000000	0.000000000000	0.000000000000	-0.001835523534	0.000000000000	0.000000000000
0.003304837494	0.000000000000	-0.000062480598	0.000000000000	-0.016389495978	-0.001615495853	0.004081862041	-0.000000000000	0.034592507622	0.005111804559
-0.000000000000	0.003281138419	-0.000000000000	0.014393886500	-0.000000000000	-0.000000000000	-0.000000000000	0.026192793165	-0.000000000000	0.000000000000
0.000096249986	0.000000000000	-0.046291617602	-0.000000000000	-0.005822738207	0.128892572334	0.179697487288	-0.000000000000	-0.048263925187	0.193422467006
0.000000000001	-0.008725792046	0.000000000000	-0.029917076145	0.000000000000	0.000000000000	0.000000000001	-0.035514083881	0.000000000000	-0.000000000000
0.008810021951	0.000000000001	-0.008801347915	0.000000000000	-0.036420297690	0.020588540655	0.040305943421	-0.000000000000	0.048654718490	0.042977423829
0.000000000000	-0.001074318780	0.000000000000	-0.003882298888	0.000000000000	0.000000000000	0.000000000000	-0.002412583245	0.000000000000	0.000000000000
0.003863479990	0.000000000000	-0.000064308734	0.000000000000	-0.018682912654	-0.001863706451	0.004501188104	-0.000000000000	0.038405730825	0.005545650881
-0.000000000000	0.003808729706	-0.000000000000	0.016259499741	-0.000000000000	-0.000000000000	-0.000000000000	0.028560575200	-0.000000000000	0.000000000000
0.000104476700	0.000000000000	-0.049975248245	-0.000000000000	-0.006371379195	0.137271404084	0.185863884689	-0.000000000000	-0.048221015751	0.189194604633
0.000000000001	-0.009383214087	0.000000000000	-0.030816762178	0.000000000000	0.000000000000	0.000000000000	-0.033218792867	0.000000000000	-0.000000000000
0.009516002933	0.000000000001	-0.010233152403	0.000000000000	-0.038007871604	0.024038997416	0.044053796182	-0.000000000000	0.046620556257	0.044459903640
0.000000000000	-0.001323523855	0.000000000000	-0.004676055427	0.000000000000	0.000000000000	0.000000000000	-0.002981546882	0.000000000000	0.000000000000
0.004462393552	0.000000000000	-0.000063708427	0.000000000000	-0.021042917869	-0.002125991514	0.004896076060	-0.000000000000	0.042081830483	0.005930257116
-0.000000000000	0.004366942035	-0.000000000000	0.018146179020	-0.000000000000	-0.000000000000	-0.000000000000	0.030740381335	-0.000000000000	0.000000000000
0.000112750259	0.000000000000	-0.053618675704	-0.000000000000	-0.006931293631	0.145118827157	0.190209912687	-0.000000000000	-0.047443816897	0.181400546454
0.000000000001	-0.010027787390	0.000000000000	-0.031486825740	0.000000000000	0.000000000000	0.000000000000	-0.030341559947	0.000000000000	-0.000000000000
0.010216086905	0.000000000001	-0.011762450756	0.000000000000	-0.039367757962	0.027643234013	0.047488578615	-0.000000000000	0.043882337777	0.044912260866
0.000000000000	-0.001606298021	0.000000000000	-0.005537441724	0.000000000000	0.000000000000	0.000000000000	-0.003516458293	0.000000000000	-0.000000000000
0.005100691153	0.000000000000	-0.000060340600	0.000000000000	-0.023453188339	-0.002400882388	0.005261758378	-0.000000000000	0.045566855912	0.006261424521
-0.000000000000	0.004953628494	-0.000000000000	0.020038420480	-0.000000000000	-0.000000000000	-0.000000000001	0.032702527452	-0.000000000000	0.000000000000
0.000121073604	0.000000000000	-0.057219251145	-0.000000000000	-0.007502577955	0.152405664568	0.192696525663	-0.000000000000	-0.045943883786	0.170197618805
0.000000000001	-0.010659154331	0.000000000000	-0.031932497891	0.000000000000	0.000000000000	0.000000000000	-0.026941878572	0.000000000000	-0.000000000000
0.010909963691	0.000000000001	-0.013386483047	0.000000000000	-0.040500038543	0.031370550672	0.050524590711	-0.000000000000	0.040506897841	0.044225617757
0.000000000000	-0.001923987788	0.000000000000	-0.006460731011	0.000000000000	0.000000000000	0.000000000000	-0.003991427485	0.000000000000	-0.000000000000
0.005777444525	0.000000000001	-0.000053827392	0.000000000000	-0.025897558606	-0.002687470492	0.005592003318	-0.000000000000	0.048811708206	0.006532528124
-0.000000000000	0.005566592364	-0.000000000000	0.021921613456	-0.000000000000	-0.000000000000	-0.000000000001	0.034423547710	-0.000000000000	0.000000000000
0.000129449438	0.000000000000	-0.060774622962	-0.000000000000	-0.008084814774	0.159107379117	0.193310478845	-0.000000000000	-0.043752999376	0.155822231782
0.000000000001	-0.011276996637	0.000000000000	-0.032159655145	0.000000000000	0.000000000000	0.000000000000	-0.023081756733	0.000000000000	-0.000000000000
0.011597333806	0.000000000001	-0.015102357504	0.000000000000	-0.041405255293	0.035189617307	0.053081220283	-0.000000000000	0.036562357744	0.042322083207
0.000000000000	-0.002277765264	0.000000000000	-0.007439024829	0.000000000000	0.000000000000	0.000000000000	-0.004379679073	0.000000000000	-0.000000000000
0.006491694834	0.000000000001	-0.000043862313	0.000000000000	-0.028360079757	-0.002984061855	0.005883370027	-0.000000000000	0.051769283649	0.006741741530
-0.000000000000	0.006203603546	-0.000000000000	0.023782006649	-0.000000000000	-0.000000000000	-0.000000000001	0.035884244707	-0.000000000000	0.000000000000
0.000137880538	0.000000000000	-0.064282350728	-0.000000000000	-0.008677976489	0.165199878335	0.192051266827	-0.000000000000	-0.040901315986	0.138559686762
0.000000000001	-0.011881015970	0.000000000000	-0.032174497803	0.000000000000	0.000000000000	0.000000000000	-0.018824416151	0.000000000000	-0.000000000000
0.012277903208	0.000000000001	-0.016907021678	0.000000000000	-0.042084273878	0.039067787846	0.055080871179	-0.000000000000	0.032119550241	0.039151231897
0.000000000000	-0.002668650624	0.000000000000	-0.008464710748	0.000000000000	0.000000000000	0.000000000000	-0.004655704969	0.000000000000	-0.000000000000
0.007242449033	0.000000000001	-0.000030096023	0.000000000000	-0.030825074103	-0.003289578547	0.006131033282	-0.000000000000	0.054398205030	0.006885464575
-0.000000000000	0.006862406430	-0.000000000000	0.025606878866	-0.000000000000	-0.000000000000	-0.000000000001	0.037071622904	-0.000000000000	0.000000000000
0.000146369331	0.000000000000	-0.067740314017	-0.000000000000	-0.009281428677	0.170664014729	0.188943872649	-0.000000000000	-0.037438661662	0.118760618622
0.000000000001	-0.012470953992	0.000000000000	-0.031983813538	0.000000000000	0.000000000000	0.000000000000	-0.014234522369	0.000000000000	-0.000000000000
0.012951389202	0.000000000001	-0.018797317519	0.000000000000	-0.042538410509	0.042972346440	0.056454066250	-0.000000000000	0.027248460818	0.034699471400
0.000000000000	-0.003097491370	0.000000000000	-0.009529228804	0.000000000000	0.000000000000	0.000000000000	-0.004794265236	0.000000000000	-0.000000000000
0.008028690944	0.000000000001	-0.000012257605	0.000000000000	-0.033277167674	-0.003602123560	0.006332906792	-0.000000000000	0.056659675786	0.006963986919
-0.000000000000	0.007540737328	-0.000000000000	0.027384472532	-0.000000000000	-0.000000000000	-0.000000000001	0.037976728864	-0.000000000000	0.000000000000
0.000154918408	0.000000000000	-0.071146296619	-0.000000000000	-0.009895040379	0.175481100806	0.184025829550	-0.000000000000	-0.033410970967	0.096814505050
0.000000000001	-0.013046572442	0.000000000000	-0.031594680789	0.000000000000	0.000000000000	0.000000000000	-0.009377334106	0.000000000000	-0.000000000000
0.013617514867	0.000000000001	-0.020769928011	0.000000000000	-0.042769374110	0.046869584659	0.057136890880	-0.000000000000	0.022021269409	0.028985642398
0.000000000000	-0.003564986922	0.000000000000	-0.010623528726	0.000000000000	0.000000000000	0.000000000000	-0.004772471272	0.000000000000	-0.000000000000
0.008849377299	0.000000000001	0.000009970780	0.000000000000	-0.035701366681	-0.003920461166	0.006485658664	-0.000000000000	0.058521309298	0.006976623787
-0.000000000000	0.008236330149	-0.000000000000	0.029104152693	-0.000000000000	-0.000000000000	-0.000000000001	0.038596506724	-0.000000000000	0.000000000000
0.000163529887	0.000000000000	-0.074498420789	-0.000000000000	-0.010517981286	0.179637591811	0.177358736815	-0.000000000000	-0.028882540887	0.073157378319
0.000000000001	-0.013607673015	0.000000000000	-0.031014695681	0.000000000000	-0.000000000000	-0.000000000000	-0.004318399543	0.000000000000	-0.000000000000
0.014276015115	0.000000000002	-0.022821457860	0.000000000000	-0.042779300770	0.050726292929	0.057076135736	-0.000000000000	0.016507332091	0.022067255499
0.000000000000	-0.004071669737	0.000000000000	-0.011737845016	0.000000000000	0.000000000000	0.000000000000	-0.004568726271	0.000000000000	-0.000000000000
0.009703449125	0.000000000001	0.000036822175	0.000000000000	-0.038083059557	-0.004242520780	0.006588526924	-0.000000000000	0.059953786270	0.006925410456
-0.000000000001	0.008946934372	-0.000000000000	0.030756306692	-0.000000000000	-0.000000000000	-0.000000000001	0.038931491222	-0.000000000000	0.000000000000
0.000172206136	0.000000000000	-0.077794706634	-0.000000000000	-0.011150029617	0.183120405544	0.169016012378	-0.000000000000	-0.023911652753	0.048251107184
0.000000000001	-0.014154077296	0.000000000000	-0.030251706795	0.000000000000	-0.000000000000	-0.000000000000	0.000876790415	0.000000000000	-0.000000000000
0.014926630895	0.000000000002	-0.024948354911	0.000000000000	-0.042570791559	0.054508605722	0.056226399325	-0.000000000000	0.010777833181	0.014035879623
0.000000000000	-0.004617931463	0.000000000000	-0.012862148368	0.000000000000	0.000000000000	0.000000000000	-0.004164688903	0.000000000000	-0.000000000000
0.010589827410	0.000000000001	0.000068580602	0.000000000000	-0.040408117215	-0.004566926880	0.006639693914	-0.000000000000	0.060934663179	0.006812286835
-0.000000000001	0.009670318364	-0.000000000000	0.032332492546	-0.000000000000	-0.000000000000	-0.000000000001	0.038987558874	-0.000000000000	0.000000000000
0.000180948917	0.000000000000	-0.081033526837	-0.000000000000	-0.011790175872	0.185921692993	0.159092707895	-0.000000000000	-0.018572989084	0.022581939283
0.000000000001	-0.014685646141	0.000000000000	-0.029314001609	0.000000000000	-0.000000000000	-0.000000000000	0.006143640577	0.000000000000	-0.000000000000
0.015569115313	0.000000000002	-0.027147016629	0.000000000000	-0.042146838134	0.058183715648	0.054554954848	-0.000000000000	0.004899407663	0.005019226951
0.000000000000	-0.005204005934	0.000000000000	-0.013985925022	0.000000000000	0.000000000000	0.000000000000	-0.003544153189	0.000000000000	-0.000000000000
0.011507424689	0.000000000001	0.000105439619	0.000000000000	-0.042662860937	-0.004891471011	0.006639638104	-0.000000000000	0.061444926123	0.006640591159
-0.000000000001	0.010404287462	-0.000000000000	0.033825305258	-0.000000000000	-0.000000000000	-0.000000000001	0.038773545965	-0.000000000000	0.000000000000
0.000189760334	0.000000000000	-0.084213146193	-0.000000000000	-0.012438112778	0.188034057967	0.147694462359	-0.000000000000	-0.012933356370	-0.003352914700
0.000000000001	-0.015202259807	0.000000000000	-0.028210077729	0.000000000000	-0.000000000000	-0.000000000000	0.011418265556	-0.000000000000	-0.000000000000
0.016203227708	0.000000000002	-0.029413686174	0.000000000000	-0.041510969989	0.061718502025	0.052038698708	-0.000000000000	-0.001059722659	-0.004822888415
0.000000000000	-0.005829996333	0.000000000000	-0.015098617686	0.000000000000	0.000000000000	0.000000000000	-0.002694844610	0.000000000000	-0.000000000000
0.012455140289	0.000000000001	0.000147647770	0.000000000000	-0.044834188247	-0.005214661635	0.006588013261	-0.000000000000	0.061472668571	0.006414452162
-0.000000000001	0.011146684868	-0.000000000000	0.035228516184	-0.000000000000	-0.000000000000	-0.000000000001	0.038302873715	-0.000000000000	0.000000000000
0.000198641737	0.000000000000	-0.087332191860	-0.000000000000	-0.013092664556	0.189455323689	0.134945250968	-0.000000000000	-0.007073492282	-0.029055567880
0.000000000001	-0.015703836566	0.000000000000	-0.026948786299	0.000000000000	-0.000000000000	-0.000000000000	0.016638840680	-0.000000000000	-0.000000000000
0.016828739734	0.000000000002	-0.031744584301	0.000000000000	-0.040667058341	0.065081435649	0.048668421365	-0.000000000000	-0.007037296704	-0.015301283239
0.000000000000	-0.006495859988	0.000000000000	-0.016189405189	0.000000000000	0.000000000000	-0.000000000000	-0.001607252510	0.000000000000	-0.000000000000
0.013431872008	0.000000000001	0.000195358209	0.000000000000	-0.046909503618	-0.005534193268	0.006486407922	-0.000000000000	0.061009633229	0.006138040869
-0.000000000001	0.011895409455	-0.000000000000	0.036536907911	-0.000000000000	-0.000000000000	-0.000000000001	0.037591167754	-0.000000000000	0.000000000000
0.000207594909	0.000000000000	-0.090389177990	-0.000000000000	-0.013753437874	0.190183744922	0.120977969999	-0.000000000000	-0.001064756489	-0.054032689301
0.000000000001	-0.016190313339	0.000000000000	-0.025539143530	0.000000000000	-0.000000000000	-0.000000000000	0.021744879273	-0.000000000000	0.000000000000
0.017445429413	0.000000000002	-0.034135780521	0.000000000000	-0.039619582783	0.068241015437	0.044445817167	-0.000000000000	-0.012969625122	-0.026200082285
0.000000000000	-0.007201436008	0.000000000000	-0.017247628923	0.000000000000	0.000000000000	-0.000000000000	-0.000276214420	0.000000000000	-0.000000000000
0.014436510929	0.000000000001	0.000248782983	0.000000000000	-0.048876871463	-0.005848487058	0.006335846101	-0.000000000000	0.060054660667	0.005817139196
-0.000000000001	0.012648414280	-0.000000000000	0.037746406544	-0.000000000000	-0.000000000000	-0.000000000001	0.036657740317	-0.000000000000	0.000000000000
0.000216620722	0.000000000000	-0.093382986699	-0.000000000000	-0.014419100777	0.190222683604	0.105939868963	-0.000000000000	0.005010385172	-0.077813559876
0.000000000001	-0.016661663317	0.000000000000	-0.023990429722	0.000000000000	-0.000000000000	-0.000000000001	0.026679052996	-0.000000000000	0.000000000000
0.018053087087	0.000000000002	-0.036583349538	0.000000000000	-0.038373304682	0.071167823968	0.039386857200	-0.000000000000	-0.018800044012	-0.037284484778
0.000000000000	-0.007946431764	0.000000000000	-0.018262569495	0.000000000000	0.000000000000	-0.000000000000	0.001300273242	0.000000000000	-0.000000000000
0.015467953077	0.000000000002	0.000308034573	0.000000000000	-0.050724907396	-0.006155185231	0.006138858647	-0.000000000000	0.058610307249	0.005456296188
-0.000000000001	0.013403723773	-0.000000000000	0.038853888344	-0.000000000000	-0.000000000000	-0.000000000000	0.035523287009	-0.000000000000	0.000000000000
0.000225720572	0.000000000000	-0.096312382590	-0.000000000000	-0.015089169021	0.189575901393	0.089985100221	-0.000000000000	0.011079920550	-0.099946933018
0.000000000001	-0.017117877357	0.000000000000	-0.022312043665	0.000000000000	-0.000000000000	-0.000000000001	0.031385951330	-0.000000000000	0.000000000000
0.018651509541	0.000000000002	-0.039083218424	0.000000000000	-0.036933659051	0.073832804887	0.033519087635	-0.000000000000	-0.024470587755	-0.048301376002
0.000000000000	-0.008730450498	0.000000000000	-0.019223855469	0.000000000000	0.000000000000	-0.000000000000	0.003119721341	0.000000000000	0.000000000000
0.016525093801	0.000000000002	0.000373288123	0.000000000000	-0.052442959428	-0.006452654294	0.005897688241	-0.000000000000	0.056685979196	0.005062361430
-0.000000000001	0.014159430003	-0.000000000000	0.039857306977	-0.000000000000	-0.000000000000	-0.000000000000	0.034211213670	-0.000000000000	0.000000000000
0.000234894781	0.000000000000	-0.099176499826	-0.000000000000	-0.015762162993	0.188252064485	0.073277704739	-0.000000000000	0.017063753514	-0.120025199750
0.000000000001	-0.017558980437	0.000000000000	-0.020513557037	0.000000000000	-0.000000000000	-0.000000000001	0.035814310516	-0.000000000000	0.000000000000
0.019240505743	0.000000000002	-0.041631346246	0.000000000000	-0.035306293108	0.076209423107	0.026883841946	-0.000000000000	-0.029931029040	-0.058991846885
0.000000000001	-0.009552979315	0.000000000000	-0.020121234565	0.000000000000	0.000000000000	-0.000000000000	0.005176322412	0.000000000000	0.000000000000
0.017606839316	0.000000000002	0.000444615792	0.000000000000	-0.054020958385	-0.006738531488	0.005615613389	-0.000000000000	0.054294709791	0.004639859731
-0.000000000001	0.014913708978	-0.000000000000	0.040755476100	-0.000000000000	0.000000000000	-0.000000000000	0.032745480872	-0.000000000000	0.000000000000
0.000244144283	0.000000000001	-0.101974351165	-0.000000000000	-0.016437500262	0.186260197658	0.055986352463	-0.000000000000	0.022892853667	-0.137673366705
0.000000000001	-0.017985014041	0.000000000001	-0.018604613064	0.000000000000	-0.000000000000	-0.000000000001	0.039915295205	-0.000000000000	0.000000000000
0.019819891121	0.000000000002	-0.044223548638	0.000000000000	-0.033497584843	0.078271822070	0.019534049695	-0.000000000000	-0.035129985937	-0.069089224216
0.000000000001	-0.010413416336	0.000000000000	-0.020944962216	0.000000000000	0.000000000000	-0.000000000000	0.007459899311	0.000000000000	0.000000000000
0.018712100669	0.000000000002	0.000522155980	0.000000000000	-0.055449627848	-0.007011164262	0.005295903432	-0.000000000000	0.051455907133	0.004196122627
-0.000000000001	0.015664814865	-0.000000000000	0.041548193533	-0.000000000000	0.000000000000	-0.000000000000	0.031151767410	-0.000000000000	0.000000000000
0.000253468768	0.000000000001	-0.104705316756	-0.000000000000	-0.017113561874	0.183613947137	0.038284871862	-0.000000000000	0.028493173303	-0.152577237939
0.000000000001	-0.018396051303	0.000000000001	-0.016594937031	0.000000000000	-0.000000000000	-0.000000000001	0.043645060805	-0.000000000000	0.000000000000
0.020389493022	0.000000000002	-0.046855698878	0.000000000000	-0.031514046949	0.079997038216	0.011535083330	-0.000000000000	-0.040024193161	-0.078335573567
0.000000000001	-0.011311060000	0.000000000000	-0.021685565852	0.000000000000	0.000000000000	-0.000000000000	0.009957019904	0.000000000000	0.000000000000
0.019839805078	0.000000000002	0.000605941437	0.000000000000	-0.056720293267	-0.007268233390	0.004942374085	-0.000000000000	0.048192368009	0.003735329171
-0.000000000001	0.016411095180	-0.000000000000	0.042236004708	-0.000000000000	0.000000000000	-0.000000000000	0.029455523681	-0.000000000000	0.000000000000
0.000262868620	0.000000000001	-0.107368652041	-0.000000000000	-0.017789659525	0.180327268638	0.020349295400	-0.000000000000	0.033801871677	-0.164465601773
0.000000000001	-0.018792180562	0.000000000001	-0.014494279480	0.000000000000	-0.000000000000	-0.000000000001	0.046962615371	-0.000000000000	0.000000000000
0.020949145218	0.000000000002	-0.049523531624	0.000000000000	-0.029362969205	0.081363081812	0.002963277829	-0.000000000000	-0.044569445766	-0.086476888386
0.000000000001	-0.012245135383	0.000000000000	-0.022334211456	0.000000000000	0.000000000000	-0.000000000000	0.012650252552	0.000000000000	0.000000000000
0.020988889507	0.000000000002	0.000696074493	0.000000000000	-0.057825120562	-0.007508104647	0.004559100222	-0.000000000000	0.044532581472	0.003264751980
-0.000000000001	0.017150983231	-0.000000000001	0.042820325495	-0.000000000000	0.000000000000	-0.000000000000	0.027682967694	-0.000000000000	0.000000000000
0.000272342816	0.000000000001	-0.109963974221	-0.000000000000	-0.018464044527	0.176418387148	0.002356035617	-0.000000000000	0.038754061853	-0.173140100720
0.000000000001	-0.019173519111	0.000000000001	-0.012312384434	0.000000000000	-0.000000000000	-0.000000000001	0.049832629517	-0.000000000000	0.000000000000
0.021498693024	0.000000000002	-0.052222863363	0.000000000000	-0.027051692493	0.082351153050	-0.006094720487	-0.000000000000	-0.048729733245	-0.093282377880
0.000000000001	-0.013214784601	0.000000000000	-0.022882460484	0.000000000000	0.000000000000	-0.000000000000	0.015519171544	-0.000000000000	0.000000000000
0.022158311722	0.000000000002	0.000792549912	0.000000000000	-0.058756884445	-0.007728550711	0.004150219610	-0.000000000000	0.040508050091	0.002788000896
-0.000000000001	0.017883012047	-0.000000000001	0.043303191834	-0.000000000000	0.000000000000	-0.000000000000	0.025859396234	-0.000000000000	0.000000000000
0.000281891095	0.000000000001	-0.112490773065	-0.000000000000	-0.019135916632	0.171905781571	-0.015518759638	-0.000000000000	0.043295754844	-0.178452200553
0.000000000001	-0.019540198050	0.000000000001	-0.010058976429	-0.000000000000	-0.000000000000	-0.000000000001	0.052222951345	-0.000000000000	0.000000000000
0.022037988096	0.000000000003	-0.054949377409	0.000000000000	-0.024588367963	0.082943692876	-0.015542558677	-0.000000000000	-0.052468424428	-0.098536852227
0.000000000001	-0.014219092012	0.000000000000	-0.023322613188	0.000000000000	-0.000000000000	-0.000000000000	0.018539935518	-0.000000000000	0.000000000000
0.023347043533	0.000000000002	0.000895435086	0.000000000000	-0.059509234878	-0.007927993745	0.003720374357	-0.000000000000	0.036155105204	0.002311830436
-0.000000000001	0.018605805338	-0.000000000001	0.043687382616	-0.000000000000	0.000000000000	-0.000000000000	0.024010012803	-0.000000000000	0.000000000000
0.000291511627	0.000000000001	-0.114948891321	0.000000000000	-0.019803409800	0.166811791123	-0.033103182031	0.000000000000	0.047373669269	-0.180332389613
0.000000000001	-0.019892374583	0.000000000001	-0.007743688734	-0.000000000000	-0.000000000000	-0.000000000001	0.054107571249	-0.000000000000	0.000000000000
0.022566893158	0.000000000003	-0.057698861372	0.000000000000	-0.021981110074	0.083126547845	-0.025276377404	-0.000000000000	-0.055756904122	-0.102061276194
0.000000000001	-0.015257075487	0.000000000000	-0.023647458713	0.000000000000	-0.000000000000	-0.000000000000	0.021686133013	-0.000000000000	0.000000000000
0.024554081479	0.000000000002	0.001004688657	0.000000000000	-0.060076426132	-0.008104345232	0.003273814851	-0.000000000000	0.031512598717	0.001839161570
-0.000000000001	0.019318090065	-0.000000000001	0.043976160972	-0.000000000000	0.000000000000	-0.000000000000	0.022158531342	-0.000000000000	0.000000000000
0.000301203412	0.000000000001	-0.117338042126	0.000000000000	-0.020465609363	0.161158948395	-0.050227995108	0.000000000000	0.050944706838	-0.178763831970
0.000000000001	-0.020230218276	0.000000000001	-0.005376092667	-0.000000000000	-0.000000000000	-0.000000000001	0.055463873775	-0.000000000000	0.000000000000
0.023085277156	0.000000000003	-0.060466975780	0.000000000000	-0.019238861738	0.082887038227	-0.035184422022	-0.000000000000	-0.058566380146	-0.103702692014
0.000000000001	-0.016327710277	0.000000000000	-0.023850594408	0.000000000000	-0.000000000000	-0.000000000000	0.024928691311	-0.000000000000	0.000000000000
0.025778439804	0.000000000003	0.001120344609	0.000000000000	-0.060453609506	-0.008256121342	0.002815506902	-0.000000000000	0.026623199314	0.001375879301
-0.000000000001	0.020018686246	-0.000000000001	0.044173398176	-0.000000000000	0.000000000000	-0.000000000000	0.020327838650	-0.000000000000	0.000000000000
0.000310963717	0.000000000001	-0.119658280034	0.000000000000	-0.021120548484	0.154973193341	-0.066732474688	0.000000000000	0.053968913540	-0.173808703766
0.000000000001	-0.020553921878	0.000000000001	-0.002965588662	-0.000000000000	-0.000000000000	-0.000000000001	0.056275661512	-0.000000000000	0.000000000000
0.023593019544	0.000000000003	-0.063249506013	0.000000000000	-0.016370439092	0.082216020417	-0.045150757625	0.000000000000	-0.060875690131	-0.103354341802
0.000000000001	-0.017429920946	0.000000000000	-0.023926170566	0.000000000000	-0.000000000000	-0.000000000001	0.028236514166	-0.000000000000	0.000000000000
0.027019160711	0.000000000003	0.001242327707	0.000000000000	-0.060636525670	-0.008381416553	0.002349619087	-0.000000000000	0.021531509455	0.000924194476
-0.000000000001	0.020706518116	-0.000000000001	0.044283311970	-0.000000000000	0.000000000000	-0.000000000000	0.018538910449	-0.000000000000	0.000000000000
0.000320790696	0.000000000001	-0.121909528324	0.000000000000	-0.021767200986	0.148280595285	-0.082460815890	0.000000000000	0.056415460805	-0.165580590565
0.000000000001	-0.020863689030	0.000000000001	-0.000521475595	-0.000000000000	-0.000000000000	-0.000000000001	0.056530235156	-0.000000000000	0.000000000000
0.024090005841	0.000000000003	-0.066042117100	0.000000000000	-0.013385488546	0.081106018662	-0.055053822733	0.000000000000	-0.062664065576	-0.100943748083
0.000000000001	-0.018562603760	0.000000000000	-0.023869185270	0.000000000000	-0.000000000000	-0.000000000001	0.031576719794	-0.000000000000	0.000000000000
0.028275307129	0.000000000003	0.001370640395	0.000000000000	-0.060621821235	-0.008478877153	0.001881203461	-0.000000000000	0.016284824969	0.000488892876
-0.000000000001	0.021380603098	-0.000000000001	0.044310592005	-0.000000000000	0.000000000000	-0.000000000000	0.016811313654	-0.000000000000	0.000000000000
0.000330680620	0.000000000001	-0.124092037700	0.000000000000	-0.022403521178	0.141110146814	-0.097269490917	0.000000000000	0.058258707990	-0.154266104819
0.000000000001	-0.021159743636	0.000000000001	0.001947192042	-0.000000000000	-0.000000000000	-0.000000000001	0.056221381036	-0.000000000000	0.000000000000
0.024576131448	0.000000000003	-0.068840617430	0.000000000000	-0.010293439237	0.079553137247	-0.064771541624	0.000000000000	-0.063917821473	-0.096450693337
0.000000000001	-0.019724619079	0.000000000001	-0.023675226033	0.000000000000	-0.000000000000	-0.000000000001	0.034915028974	-0.000000000000	0.000000000000
0.029545972490	0.000000000003	0.001505176121	0.000000000000	-0.060406707887	-0.008546820928	0.001414175071	-0.000000000000	0.010931722244	0.000071537516
-0.000000000001	0.022040061564	-0.000000000001	0.044260140275	-0.000000000000	0.000000000000	-0.000000000000	0.015162439744	-0.000000000000	0.000000000000
0.000340630692	0.000000000001	-0.126205926416	0.000000000000	-0.023028381207	0.133490903887	-0.111021891593	0.000000000000	0.059480815408	-0.140098074732
0.000000000001	-0.021442319041	0.000000000001	0.004431497628	-0.000000000000	-0.000000000000	-0.000000000001	0.055346374341	-0.000000000000	0.000000000000
0.025051297653	0.000000000003	-0.071640702395	0.000000000000	-0.007104535221	0.077555299592	-0.074178814569	0.000000000000	-0.064624348484	-0.089894301469
0.000000000001	-0.020914812193	0.000000000001	-0.023340739932	0.000000000000	-0.000000000000	-0.000000000001	0.038216322224	-0.000000000000	0.000000000000
0.030830273354	0.000000000003	0.001645907935	0.000000000000	-0.059989299590	-0.008584057870	0.000953451003	-0.000000000000	0.005522276589	-0.000324291367
-0.000000000001	0.022684105279	-0.000000000001	0.044137198175	-0.000000000000	0.000000000000	-0.000000000000	0.013607854742	-0.000000000000	0.000000000000
0.000350636086	0.000000000001	-0.128251624107	0.000000000000	-0.023639684837	0.125454342939	-0.123596815002	0.000000000000	0.060070730321	-0.123371053952
0.000000000001	-0.021711665989	0.000000000001	0.006922835612	-0.000000000000	-0.000000000000	-0.000000000001	0.053908838391	-0.000000000000	0.000000000000
0.025515414944	0.000000000003	-0.074438227125	0.000000000000	-0.003828714113	0.075113967393	-0.083153833861	0.000000000000	-0.064777456722	-0.081347313503
0.000000000001	-0.022132005996	0.000000000001	-0.022862775071	0.000000000000	-0.000000000000	-0.000000000001	0.041444745604	-0.000000000000	0.000000000000
0.032127358670	0.000000000003	0.001792700788	0.000000000000	-0.059368242951	-0.008589164495	0.000502549645	-0.000000000000	0.000107153650	-0.000697554727
-0.000000000001	0.023312045798	-0.000000000001	0.043947093641	-0.000000000000	0.000000000000	-0.000000000000	0.012160841095	-0.000000000000	0.000000000000
0.000360692948	0.000000000001	-0.130229427231	0.000000000000	-0.024236220485	0.117031937184	-0.134881657946	0.000000000000	0.060023692492	-0.104417179248
0.000000000001	-0.021968043256	0.000000000001	0.009412771033	-0.000000000000	-0.000000000000	-0.000000000001	0.051915766194	-0.000000000000	0.000000000000
0.025968399489	0.000000000003	-0.077228941706	0.000000000000	-0.000476695691	0.072232526826	-0.091574561787	0.000000000000	-0.064372791049	-0.070923159063
0.000000000001	-0.023375020250	0.000000000001	-0.022239225834	0.000000000000	-0.000000000000	-0.000000000001	0.044564568616	-0.000000000000	0.000000000000
0.033436402335	0.000000000003	0.001945500710	0.000000000000	-0.058543071018	-0.008561144624	0.000066056762	-0.000000000000	-0.005262705191	-0.001045870337
-0.000000000001	0.023923282684	-0.000000000001	0.043695369477	-0.000000000000	0.000000000000	-0.000000000000	0.010832605407	-0.000000000000	0.000000000000
0.000370795264	0.000000000001	-0.132139925898	0.000000000000	-0.024815876707	0.108257070614	-0.144781621159	0.000000000000	0.059342854895	-0.083614733207
0.000000000001	-0.022211724267	0.000000000001	0.011893239443	-0.000000000000	-0.000000000000	-0.000000000001	0.049380165871	-0.000000000000	0.000000000000
0.026410175945	0.000000000003	-0.080008770175	0.000000000000	0.002941192961	0.068917777992	-0.099325992606	0.000000000000	-0.063411668636	-0.058785268336
0.000000000001	-0.024642664386	0.000000000001	-0.021468577581	0.000000000000	-0.000000000000	-0.000000000001	0.047539986494	-0.000000000000	0.000000000000
0.034756611897	0.000000000004	0.002104147167	0.000000000000	-0.057513810168	-0.008498863124	-0.000353016573	-0.000000000000	-0.010536465490	-0.001368563774
-0.000000000001	0.024517310597	-0.000000000001	0.043387541245	-0.000000000000	0.000000000000	-0.000000000000	0.009632107996	-0.000000000000	0.000000000000
0.000380938011	0.000000000001	-0.133983576719	0.000000000000	-0.025377385045	0.099163058080	-0.153211808388	0.000000000000	0.058036054653	-0.061368246540
0.000000000001	-0.022442989135	0.000000000001	0.014356375944	-0.000000000000	-0.000000000000	-0.000000000001	0.046318192754	-0.000000000000	0.000000000000
0.026840674422	0.000000000003	-0.082773540035	-0.000000000000	0.006413892390	0.065178502824	-0.106295722640	0.000000000000	-0.061898029680	-0.045135177281
0.000000000001	-0.025933755233	0.000000000001	-0.020550126860	0.000000000000	-0.000000000000	-0.000000000001	0.050336252258	-0.000000000000	0.000000000000
0.036087221128	0.000000000004	0.002268561721	0.000000000000	-0.056281345716	-0.008401543480	-0.000750580648	-0.000000000000	-0.015664226097	-0.001664348201
-0.000000000001	0.025093707554	-0.000000000001	0.043029226140	-0.000000000000	0.000000000000	-0.000000000000	0.008566140307	-0.000000000000	0.000000000000
0.000391113893	0.000000000001	-0.135761110911	0.000000000000	-0.025918661522	0.089784619391	-0.160106740683	0.000000000000	0.056119689170	-0.038109855700
0.000000000001	-0.022662130022	0.000000000001	0.016794738158	-0.000000000000	-0.000000000000	-0.000000000001	0.042751504022	-0.000000000000	0.000000000000
0.027259832788	0.000000000003	-0.085519264809	-0.000000000000	0.009930817824	0.061026695270	-0.112381851786	0.000000000000	-0.059840681964	-0.030216037157
0.000000000002	-0.027247109812	0.000000000001	-0.019483733077	0.000000000000	-0.000000000000	-0.000000000001	0.052919167307	-0.000000000000	0.000000000000
0.037427498140	0.000000000004	0.002438561520	0.000000000000	-0.054847011377	-0.008268361992	-0.001124207993	-0.000000000000	-0.020596868023	-0.001932746057
-0.000000000002	0.025652140794	-0.000000000001	0.042625915018	-0.000000000000	0.000000000000	-0.000000000000	0.007639411515	-0.000000000000	0.000000000000
0.000401316619	0.000000000001	-0.137473126235	0.000000000000	-0.026438416932	0.080156341113	-0.165411729984	0.000000000000	0.053613211933	-0.014284826828
0.000000000001	-0.022869444520	0.000000000001	0.019201108404	-0.000000000000	-0.000000000000	-0.000000000001	0.038704587789	-0.000000000000	0.000000000000
0.027667594121	0.000000000003	-0.088241870497	-0.000000000000	0.013480718023	0.056476339510	-0.117487796188	0.000000000000	-0.057251815749	-0.014302756616
0.000000000002	-0.028581561604	0.000000000001	-0.018270013437	0.000000000000	-0.000000000000	-0.000000000001	0.055256453444	-0.000000000000	0.000000000000
0.038776738047	0.000000000004	0.002614046339	0.000000000000	-0.053212961206	-0.008098782618	-0.001470433331	-0.000000000000	-0.025287358342	-0.002173393486
-0.000000000002	0.026192355321	-0.000000000001	0.042183100832	-0.000000000000	0.000000000000	-0.000000000000	0.006854509093	-0.000000000000	0.000000000000
0.000411537521	0.000000000001	-0.139120475034	0.000000000000	-0.026934644717	0.070313722392	-0.169092314156	0.000000000000	0.050544817464	0.009653986791
0.000000000001	-0.023065239857	0.000000000001	0.021568736097	-0.000000000000	-0.000000000000	-0.000000000001	0.034206760487	-0.000000000000	0.000000000000
0.028063908516	0.000000000003	-0.090937479093	-0.000000000000	0.017052893045	0.051544358952	-0.121530492134	0.000000000000	-0.054147643030	0.002300630711
0.000000000002	-0.029935953235	0.000000000001	-0.016910105481	0.000000000000	-0.000000000000	-0.000000000001	0.057316937397	-0.000000000000	0.000000000000
0.040134270475	0.000000000004	0.002794814280	0.000000000000	-0.051381748316	-0.007892309024	-0.001787454760	-0.000000000000	-0.029690072412	-0.002385858630
-0.000000000002	0.026714178634	-0.000000000001	0.041706067491	-0.000000000000	0.000000000000	0.000000000000	0.006212204541	-0.000000000000	0.000000000000
0.000421768939	0.000000000001	-0.140703876568	0.000000000000	-0.027406080250	0.060292067835	-0.171125274266	0.000000000000	0.046944180615	0.033254479459
0.000000000001	-0.023249827532	0.000000000001	0.023891116728	-0.000000000000	-0.000000000000	-0.000000000000	0.029289771268	-0.000000000000	0.000000000000
0.028448731026	0.000000000003	-0.093602134526	-0.000000000000	0.020636057041	0.046249626859	-0.124434638468	0.000000000000	-0.050548426329	0.019267914735
0.000000000002	-0.031309151387	0.000000000001	-0.015405836429	-0.000000000000	-0.000000000000	-0.000000000001	0.059072121723	-0.000000000000	0.000000000000
0.041499452381	0.000000000004	0.002980746106	0.000000000000	-0.049356697114	-0.007648660815	-0.002072520827	-0.000000000000	-0.033762528105	-0.002570487174
-0.000000000002	0.027217509744	-0.000000000001	0.041200016656	-0.000000000000	0.000000000000	0.000000000000	0.005711311819	-0.000000000000	0.000000000000
0.000432000751	0.000000000001	-0.142224284002	0.000000000000	-0.027850851164	0.050127123877	-0.171507635629	0.000000000000	0.042849461204	0.056076929761
0.000000000001	-0.023423526473	0.000000000001	0.026162250219	-0.000000000000	-0.000000000000	-0.000000000000	0.023989387533	-0.000000000000	0.000000000000
0.028822022988	0.000000000003	-0.096232084695	-0.000000000000	0.024219545878	0.040613620128	-0.126140854009	0.000000000000	-0.046477571506	0.036259294456
0.000000000002	-0.032700039284	0.000000000001	-0.013759500494	-0.000000000000	-0.000000000000	-0.000000000001	0.060495082635	-0.000000000000	0.000000000000
0.042871674947	0.000000000004	0.003171624209	0.000000000000	-0.047141478450	-0.007367677377	-0.002324464592	-0.000000000000	-0.037464204634	-0.002726778782
-0.000000000002	0.027702322887	-0.000000000001	0.040669875453	-0.000000000000	0.000000000000	0.000000000000	0.005349169588	-0.000000000000	0.000000000000
0.000442223834	0.000000000001	-0.143682518077	0.000000000000	-0.028267771412	0.039854384749	-0.170247681435	0.000000000000	0.038298836629	0.077695950651
0.000000000001	-0.023586658830	0.000000000001	0.028376400294	-0.000000000000	-0.000000000000	-0.000000000000	0.018343342948	-0.000000000000	0.000000000000
0.029183750430	0.000000000004	-0.098823509250	-0.000000000000	0.027792202821	0.034659677681	-0.126599562763	0.000000000000	-0.041963050289	0.052924752249
0.000000000002	-0.034107530390	0.000000000001	-0.011974002173	-0.000000000000	-0.000000000000	-0.000000000001	0.061562192661	-0.000000000000	0.000000000000
0.044250356617	0.000000000005	0.003367313184	0.000000000000	-0.044740475625	-0.007049342993	-0.002541298229	-0.000000000000	-0.040758647093	-0.002855563240
-0.000000000002	0.028168657170	-0.000000000001	0.040120420318	-0.000000000000	0.000000000000	0.000000000000	0.005121413073	-0.000000000000	0.000000000000
0.000452426537	0.000000000001	-0.145079612426	0.000000000000	-0.028655165616	0.029509344102	-0.167373211691	0.000000000000	0.033338319547	0.097717009685
0.000000000001	-0.023739552201	0.000000000001	0.030528365510	-0.000000000000	-0.000000000000	-0.000000000000	0.012392469263	-0.000000000000	0.000000000000
0.029533884950	0.000000000004	-0.101372797916	-0.000000000000	0.031343556530	0.028413352816	-0.125778763068	0.000000000000	-0.037035069534	0.068917896861
0.000000000002	-0.035530560619	0.000000000001	-0.010052652134	-0.000000000000	-0.000000000000	-0.000000000001	0.062251764189	-0.000000000000	0.000000000000
0.045634949365	0.000000000005	0.003567583086	0.000000000000	-0.042158363553	-0.006693833256	-0.002722469822	-0.000000000000	-0.043611821785	-0.002956208355
-0.000000000002	0.028616619365	-0.000000000001	0.039556104914	-0.000000000000	0.000000000000	0.000000000000	0.005022588062	-0.000000000000	0.000000000000
0.000462598186	0.000000000001	-0.146416469151	0.000000000000	-0.029011988052	0.019127189981	-0.162922876217	0.000000000000	0.028012637719	0.115772209762
0.000000000001	-0.023882536471	0.000000000001	0.032613222490	-0.000000000000	-0.000000000000	-0.000000000000	0.006179044784	-0.000000000000	0.000000000000
0.029872402569	0.000000000004	-0.103876282263	-0.000000000000	0.034862746799	0.021901928047	-0.123657783216	0.000000000000	-0.031728710371	0.083895363970
0.000000000002	-0.036968100964	0.000000000001	-0.007999283860	-0.000000000000	-0.000000000000	-0.000000000001	0.062545871678	-0.000000000000	0.000000000000
0.047024932017	0.000000000005	0.003772285219	0.000000000000	-0.039400461653	-0.006301399648	-0.002866766681	-0.000000000000	-0.045994518812	-0.003029816945
-0.000000000002	0.029046374319	-0.000000000001	0.038981179656	-0.000000000000	0.000000000000	0.000000000000	0.005045852264	-0.000000000000	0.000000000000
0.000472725536	0.000000000001	-0.147694182179	0.000000000000	-0.029336827994	0.008742700992	-0.156953438231	0.000000000000	0.022373364851	0.131540197558
0.000000000001	-0.024015945223	0.000000000001	0.034626606586	-0.000000000000	-0.000000000000	0.000000000000	-0.000252556166	-0.000000000000	0.000000000000
0.030199284184	0.000000000004	-0.106330508313	-0.000000000000	0.038339655521	0.015154467259	-0.120234345033	0.000000000000	-0.026080350396	0.097534782441
0.000000000002	-0.038419149394	0.000000000001	-0.005818071694	-0.000000000000	-0.000000000000	-0.000000000001	0.062428785038	-0.000000000000	0.000000000000
0.048419815892	0.000000000005	0.003981180685	0.000000000000	-0.036472324817	-0.005872546454	-0.002974207011	-0.000000000000	-0.047880300445	-0.003075618527
-0.000000000002	0.029458146931	-0.000000000001	0.038399540610	-0.000000000000	0.000000000000	0.000000000000	0.005183676454	-0.000000000000	0.000000000000
0.000482796288	0.000000000001	-0.148913715005	0.000000000000	-0.029628848218	-0.001609698547	-0.149531710087	0.000000000000	0.016469680395	0.144736399657
0.000000000001	-0.024140113513	0.000000000001	0.036564442233	-0.000000000000	-0.000000000000	0.000000000000	-0.006857069917	-0.000000000000	0.000000000000
0.030514514843	0.000000000004	-0.108731974216	-0.000000000000	0.041763887242	0.008201589345	-0.115518420885	0.000000000000	-0.020131301002	0.109530101566
0.000000000002	-0.039882742561	0.000000000001	-0.003513620140	-0.000000000000	-0.000000000000	-0.000000000001	0.061888835300	-0.000000000000	0.000000000000
0.049819138452	0.000000000005	0.004194110393	0.000000000000	-0.033380076127	-0.005407788105	-0.003044329460	-0.000000000000	-0.049248118236	-0.003094813523
-0.000000000002	0.029852213409	-0.000000000001	0.037814843331	-0.000000000000	0.000000000000	0.000000000000	0.005427491570	-0.000000000000	0.000000000000
0.000492795541	0.000000000001	-0.150076202081	0.000000000000	-0.029886973754	-0.011896365362	-0.140740627722	0.000000000000	0.010356342935	0.155134670531
0.000000000001	-0.024255378580	0.000000000001	0.038423230484	-0.000000000000	-0.000000000000	0.000000000000	-0.013588191747	0.000000000000	-0.000000000000
0.030818083816	0.000000000004	-0.111077395383	-0.000000000000	0.045125838378	0.001075228239	-0.109538313949	0.000000000000	-0.013923199595	0.119612214924
0.000000000002	-0.041357947354	0.000000000001	-0.001090807332	-0.000000000000	-0.000000000000	-0.000000000001	0.060916691756	-0.000000000000	0.000000000000
0.051222468313	0.000000000005	0.004410829868	0.000000000000	-0.030130017483	-0.004907942074	-0.003077657651	-0.000000000000	-0.050079926938	-0.003086541896
-0.000000000002	0.030228902538	-0.000000000001	0.037230372962	-0.000000000000	0.000000000000	0.000000000000	0.005768434530	-0.000000000000	0.000000000000
0.000502709303	0.000000000001	-0.151182648686	0.000000000000	-0.030110648870	-0.022084054149	-0.130672025999	0.000000000000	0.004084818996	0.162552944802
0.000000000001	-0.024362078435	0.000000000001	0.040199769499	-0.000000000000	-0.000000000000	0.000000000000	-0.020399306268	0.000000000000	-0.000000000000
0.031109984246	0.000000000004	-0.113363449728	-0.000000000000	0.048415744431	-0.006191338112	-0.102334840669	0.000000000000	-0.007502402556	0.127540424450
0.000000000002	-0.042843871834	0.000000000001	0.001445153794	-0.000000000000	-0.000000000000	-0.000000000001	0.059507212394	-0.000000000000	0.000000000000
0.052629399287	0.000000000005	0.004631172526	0.000000000000	-0.026728935005	-0.004373774594	-0.003074426802	-0.000000000000	-0.050363422828	-0.003051976298
-0.000000000002	0.030588587838	-0.000000000001	0.036649151124	-0.000000000000	0.000000000000	0.000000000000	0.006196957140	-0.000000000000	0.000000000000
0.000512520977	0.000000000001	-0.152234210631	0.000000000000	-0.030299207210	-0.032140632730	-0.119431390877	0.000000000000	-0.002289322509	0.166874954122
0.000000000001	-0.024460551995	0.000000000001	0.041891446476	-0.000000000000	-0.000000000000	0.000000000000	-0.027243835981	0.000000000000	-0.000000000000
0.031390212885	0.000000000004	-0.115587033851	-0.000000000000	0.051624675906	-0.013564005732	-0.093966201382	0.000000000000	-0.000914590426	0.133124058778
0.000000000002	-0.044339656425	0.000000000002	0.004088843701	-0.000000000000	-0.000000000000	-0.000000000001	0.057657626361	-0.000000000000	0.000000000000
0.054039554760	0.000000000006	0.004854891661	0.000000000000	-0.023183737134	-0.003806392975	-0.003035587052	-0.000000000000	-0.050089410239	-0.002990261950
-0.000000000002	0.030931688227	-0.000000000001	0.036073826942	-0.000000000000	0.000000000000	-0.000000000000	0.006703577890	-0.000000000000	0.000000000000
0.000522214823	0.000000000001	-0.153231915937	0.000000000000	-0.030452450473	-0.042034405480	-0.107131661025	0.000000000000	-0.008714486101	0.168032502848
0.000000000001	-0.024551138365	0.000000000001	0.043495951032	-0.000000000000	-0.000000000000	0.000000000001	-0.034075477020	0.000000000000	-0.000000000000
0.031658770083	0.000000000004	-0.117745017210	-0.000000000000	0.054743660730	-0.021007568852	-0.084502696501	0.000000000000	0.005790332525	0.136210579630
0.000000000003	-0.045844484236	0.000000000002	0.006834604037	-0.000000000000	-0.000000000000	-0.000000000001	0.055369309219	-0.000000000000	0.000000000000
0.055452582153	0.000000000006	0.005081816098	0.000000000000	-0.019501725645	-0.003206797194	-0.002961989858	-0.000000000000	-0.049254560076	-0.002902475035
-0.000000000002	0.031258661095	-0.000000000001	0.035506775834	-0.000000000000	0.000000000000	-0.000000000000	0.007278468286	-0.000000000000	0.000000000000
0.000531772509	0.000000000001	-0.154176923381	0.000000000000	-0.030570193684	-0.051735081507	-0.093896583340	0.000000000000	-0.015136590002	0.166025682307
0.000000000001	-0.024634176497	0.000000000001	0.045011569327	-0.000000000000	-0.000000000000	0.000000000001	-0.040849038269	0.000000000000	-0.000000000000
0.031915659230	0.000000000004	-0.119834488177	-0.000000000000	0.057764598853	-0.028486496726	-0.074030220830	0.000000000000	0.012564167008	0.136706481396
0.000000000003	-0.047357571867	0.000000000002	0.009676635026	-0.000000000000	-0.000000000000	-0.000000000001	0.052645937504	-0.000000000000	0.000000000000
0.056868156685	0.000000000006	0.005311700216	0.000000000000	-0.015690268815	-0.002576353484	-0.002854924439	-0.000000000000	-0.047858628351	-0.002787891873
-0.000000000002	0.031570002458	-0.000000000001	0.034950010810	-0.000000000000	0.000000000000	-0.000000000000	0.007912176906	-0.000000000000	0.000000000000
0.000541176507	0.000000000001	-0.155070265422	0.000000000000	-0.030652672821	-0.061212840028	-0.079855676434	0.000000000000	-0.021505997928	0.160903126351
0.000000000001	-0.024710005059	0.000000000001	0.046436892822	-0.000000000000	-0.000000000000	0.000000000001	-0.047520176937	0.000000000000	-0.000000000000
0.032160887041	0.000000000004	-0.121852518218	-0.000000000000	0.060679464816	-0.035964423896	-0.062645698746	0.000000000000	0.019355251156	0.134562804311
0.000000000003	-0.048878179276	0.000000000002	0.012608993041	-0.000000000000	-0.000000000000	-0.000000000001	0.049495129070	-0.000000000000	0.000000000000
0.058285976290	0.000000000006	0.005544371134	0.000000000000	-0.011757031215	-0.001916270683	-0.002715758674	-0.000000000000	-0.045907128767	-0.002647478867
-0.000000000002	0.031866240960	-0.000000000001	0.034405272151	-0.000000000000	0.000000000000	-0.000000000000	0.008595208091	-0.000000000000	0.000000000000
0.000550406732	0.000000000001	-0.155913086340	0.000000000000	-0.030700255016	-0.070439516349	-0.065146169622	0.000000000000	-0.027772271453	0.152779353566
0.000000000001	-0.024778961730	0.000000000001	0.047771112675	-0.000000000000	-0.000000000000	0.000000000001	-0.054046707321	0.000000000000	-0.000000000000
0.032394462758	0.000000000004	-0.123796396935	-0.000000000000	0.063481136821	-0.043405162607	-0.050459099646	0.000000000000	0.026114675320	0.129793698283
0.000000000003	-0.050405600184	0.000000000002	0.015625655130	-0.000000000000	-0.000000000000	-0.000000000001	0.045926639209	-0.000000000000	0.000000000000
0.059705764758	0.000000000006	0.005779587595	0.000000000000	-0.007709689168	-0.001228135874	-0.002546030298	-0.000000000000	-0.043408512099	-0.002480781232
-0.000000000002	0.032147937589	-0.000000000001	0.033873957971	-0.000000000000	0.000000000000	-0.000000000000	0.009318690321	-0.000000000000	0.000000000000
0.000559443837	0.000000000001	-0.156706405619	0.000000000000	-0.030713686127	-0.079387444640	-0.049909214354	0.000000000000	-0.033889697483	0.141814410735
0.000000000001	-0.024841383531	0.000000000001	0.049013726073	-0.000000000000	-0.000000000000	0.000000000001	-0.060387842873	0.000000000000	-0.000000000000
0.032616398673	0.000000000004	-0.125663407020	-0.000000000000	0.066162680617	-0.050771975290	-0.037589749030	0.000000000000	0.032791059573	0.122460311656
0.000000000003	-0.051939171621	0.000000000002	0.018720547185	-0.000000000000	-0.000000000000	-0.000000000001	0.041953808011	-0.000000000000	0.000000000000
0.061127267146	0.000000000006	0.006017177887	0.000000000000	-0.003556112846	-0.000513335256	-0.002347510716	-0.000000000000	-0.040376644681	-0.002288689230
-0.000000000002	0.032415680597	-0.000000000001	0.033357203975	-0.000000000000	0.000000000000	-0.000000000000	0.010073961333	-0.000000000000	0.000000000000
0.000568265979	0.000000000001	-0.157451336637	0.000000000000	-0.030693952101	-0.088030827526	-0.034290435201	0.000000000000	-0.039813443180	0.128227254829
0.000000000001	-0.024897605858	0.000000000001	0.050164829257	-0.000000000000	-0.000000000000	0.000000000001	-0.066505943738	0.000000000000	-0.000000000000
0.032826709146	0.000000000004	-0.127451047715	-0.000000000000	0.068718092756	-0.058028796378	-0.024166827354	0.000000000000	0.039336826814	0.112685630669
0.000000000003	-0.053478263943	0.000000000002	0.021887573992	-0.000000000000	-0.000000000000	-0.000000000001	0.037591867730	-0.000000000000	0.000000000000
0.062550252306	0.000000000007	0.006256908352	0.000000000000	0.000695869225	0.000226367975	-0.002121897346	0.000000000000	-0.036828063385	-0.002071145867
-0.000000000002	0.032670084855	-0.000000000001	0.032855831996	-0.000000000000	0.000000000000	-0.000000000000	0.010853159082	-0.000000000000	0.000000000000
0.000576851978	0.000000000001	-0.158148869526	0.000000000000	-0.030642380883	-0.096344390783	-0.018437429263	-0.000000000000	-0.045503513390	0.112276152473
0.000000000001	-0.024947963178	0.000000000001	0.051224823340	-0.000000000000	0.000000000000	0.000000000001	-0.072365283290	0.000000000000	-0.000000000000
0.033025411318	0.000000000004	-0.129156821002	-0.000000000000	0.071141663157	-0.065139305682	-0.010326681930	0.000000000000	0.045703100184	0.100637848485
0.000000000003	-0.055022290176	0.000000000002	0.025120678709	-0.000000000000	-0.000000000000	-0.000000000001	0.032859142185	-0.000000000000	0.000000000000
0.063974508801	0.000000000007	0.006498611310	0.000000000000	0.005038341766	0.000989448066	-0.001871245506	0.000000000000	-0.032784153253	-0.001829031663
-0.000000000002	0.032911787652	-0.000000000001	0.032370419191	-0.000000000000	0.000000000000	-0.000000000000	0.011648826359	-0.000000000000	0.000000000000
0.000585178243	0.000000000001	-0.158800071530	0.000000000000	-0.030560637963	-0.104304904112	-0.002498998815	-0.000000000000	-0.050922407555	0.094267347426
0.000000000001	-0.024992787881	0.000000000001	0.052194704564	-0.000000000000	0.000000000000	0.000000000001	-0.077934195063	0.000000000000	-0.000000000000
0.033212524002	0.000000000004	-0.130778443209	-0.000000000000	0.073428636189	-0.072068331474	0.003788166337	0.000000000000	0.051845839652	0.086540426871
0.000000000003	-0.056570695640	0.000000000002	0.028413837277	-0.000000000000	-0.000000000000	-0.000000000000	0.027775532945	-0.000000000000	0.000000000000
0.065399846835	0.000000000007	0.006742063901	0.000000000000	0.009463483028	0.001774016510	-0.001597329273	0.000000000000	-0.028268594770	-0.001562787194
-0.000000000002	0.033141447763	-0.000000000001	0.031901263064	-0.000000000000	0.000000000000	-0.000000000000	0.012454408902	-0.000000000000	0.000000000000
0.000593221760	0.000000000001	-0.159405888195	0.000000000000	-0.030450700082	-0.111889680647	0.013376062493	-0.000000000000	-0.056037437668	0.074537463760
0.000000000001	-0.025032411245	0.000000000001	0.053075771252	-0.000000000000	0.000000000000	0.000000000001	-0.083183391847	0.000000000000	-0.000000000000
0.033388068518	0.000000000004	-0.132313642591	-0.000000000000	0.075574645532	-0.078780745068	0.018030619346	0.000000000000	0.057720986623	0.070656108689
0.000000000003	-0.058122967211	0.000000000002	0.031761149815	-0.000000000000	-0.000000000000	-0.000000000000	0.022363420215	-0.000000000000	0.000000000000
0.066826094699	0.000000000007	0.006987105328	0.000000000000	0.013963495490	0.002578451721	-0.001302367549	0.000000000000	-0.023309138910	-0.001273364395
-0.000000000002	0.033359742081	-0.000000000001	0.031448439641	-0.000000000000	0.000000000000	-0.000000000000	0.013263891499	-0.000000000000	0.000000000000
0.000600957213	0.000000000001	-0.159967326675	0.000000000000	-0.030314965187	-0.119078218742	0.029040952241	-0.000000000000	-0.060819895679	0.053457063994
0.000000000001	-0.025067162193	0.000000000001	0.053869910148	-0.000000000000	0.000000000000	0.000000000001	-0.088088465814	0.000000000000	-0.000000000000
0.033552067526	0.000000000004	-0.133760359107	-0.000000000000	0.077576300543	-0.085243016070	0.032251405980	0.000000000000	0.063290312641	0.053291557145
0.000000000003	-0.059678622559	0.000000000002	0.035156798627	-0.000000000000	-0.000000000000	-0.000000000000	0.016646391217	-0.000000000000	0.000000000000
0.068253100098	0.000000000007	0.007233526683	0.000000000000	0.018530725474	0.003400796066	-0.000988136947	0.000000000000	-0.017935361063	-0.000961754727
-0.000000000002	0.033567364458	-0.000000000001	0.031011783319	-0.000000000000	0.000000000000	-0.000000000000	0.014072193946	-0.000000000000	0.000000000000
0.000608359776	0.000000000001	-0.160485273941	0.000000000000	-0.030156118036	-0.125850576995	0.044350823064	-0.000000000000	-0.065245756393	0.031416117189
0.000000000001	-0.025097368434	0.000000000001	0.054579305885	-0.000000000000	0.000000000000	0.000000000002	-0.092627796962	0.000000000000	-0.000000000000
0.033704545926	0.000000000004	-0.135116553274	-0.000000000000	0.079430683487	-0.091421949343	0.046299530666	0.000000000000	0.068516885131	0.034783152328
0.000000000003	-0.061237219423	0.000000000002	0.038595171982	-0.000000000000	-0.000000000000	-0.000000000000	0.010649797628	-0.000000000000	0.000000000000
0.069680727142	0.000000000007	0.007481176903	-0.000000000000	0.023157657653	0.004239381282	-0.000656904272	0.000000000000	-0.012179940466	-0.000629057876
-0.000000000002	0.033765023113	-0.000000000001	0.030590933750	-0.000000000000	0.000000000000	-0.000000000000	0.014874849472	-0.000000000000	0.000000000000
0.000615402449	0.000000000001	-0.160960664457	0.000000000000	-0.029977332465	-0.132189109512	0.059165851699	-0.000000000000	-0.069296277214	0.008822412506
0.000000000001	-0.025123355189	0.000000000001	0.055206722457	-0.000000000000	0.000000000000	0.000000000002	-0.096785355218	0.000000000000	-0.000000000000
0.033845529685	0.000000000004	-0.136380394401	-0.000000000000	0.081135872221	-0.097286363230	0.060025958194	0.000000000000	0.073370527905	0.015496008074
0.000000000003	-0.062798344464	0.000000000002	0.042070785345	-0.000000000000	-0.000000000000	-0.000000000000	0.004399783547	-0.000000000000	-0.000000000000
0.071108857084	0.000000000008	0.007729864153	-0.000000000000	0.027836969296	0.005092241431	-0.000310385486	0.000000000000	-0.006076828515	-0.000276810472
-0.000000000002	0.033953439311	-0.000000000001	0.030185328733	-0.000000000000	0.000000000000	-0.000000000000	0.015668294955	-0.000000000000	0.000000000000
0.000622058625	0.000000000001	-0.161394313970	0.000000000000	-0.029782051197	-0.138076744573	0.073350019374	-0.000000000000	-0.072957197818	-0.013909083018
0.000000000001	-0.025145446441	0.000000000001	0.055755216372	-0.000000000000	0.000000000000	0.000000000002	-0.100548242129	0.000000000001	-0.000000000000
0.033975046748	0.000000000004	-0.137550080323	-0.000000000000	0.082690486594	-0.102805690291	0.073282892826	0.000000000000	0.077823626618	-0.004187409472
0.000000000004	-0.064361622649	0.000000000002	0.045578437839	-0.000000000000	-0.000000000000	0.000000000000	-0.002076538807	-0.000000000000	-0.000000000000
0.072537385860	0.000000000008	0.007979449952	-0.000000000000	0.032561592542	0.005957715603	0.000049211285	0.000000000000	0.000338048344	0.000093687356
-0.000000000002	0.034133345476	-0.000000000001	0.029794239699	-0.000000000000	0.000000000000	-0.000000000000	0.016449601357	-0.000000000000	0.000000000000
0.000628299676	0.000000000001	-0.161787073071	0.000000000000	-0.029574256424	-0.143498788655	0.086775119932	-0.000000000000	-0.076220615390	-0.036362653154
0.000000000001	-0.025163963691	0.000000000001	0.056228412490	-0.000000000000	0.000000000000	0.000000000002	-0.103909740625	0.000000000001	-0.000000000000
0.034093125918	0.000000000004	-0.138624014645	-0.000000000000	0.084094161771	-0.107951749929	0.085928573526	-0.000000000000	0.081856156221	-0.023873644932
0.000000000004	-0.065926705718	0.000000000002	0.049113096665	-0.000000000000	-0.000000000000	0.000000000000	-0.008751711566	0.000000000000	-0.000000000000
0.073966224248	0.000000000008	0.008229762628	-0.000000000000	0.037324699428	0.006833894218	0.000420282071	0.000000000000	0.007028108921	0.000480425005
-0.000000000002	0.034305483758	-0.000000000001	0.029416775779	-0.000000000000	0.000000000000	-0.000000000000	0.017216659764	-0.000000000000	0.000000000000
0.000634097267	0.000000000001	-0.162139675037	0.000000000000	-0.029358187976	-0.148441134056	0.099318447368	-0.000000000000	-0.079082870503	-0.058128030036
0.000000000001	-0.025179227232	0.000000000001	0.056630221805	-0.000000000000	0.000000000000	0.000000000002	-0.106866539181	0.000000000001	-0.000000000000
0.034199797717	0.000000000004	-0.139600636713	-0.000000000000	0.085347127677	-0.112697233984	0.097825395599	-0.000000000000	0.085451790896	-0.043165951880
0.000000000004	-0.067493281756	0.000000000003	0.052670086360	-0.000000000000	-0.000000000000	0.000000000000	-0.015598168128	0.000000000000	-0.000000000000
0.075395295960	0.000000000008	0.008480679134	-0.000000000000	0.042119835040	0.007719182013	0.000800771494	0.000000000000	0.013956056710	0.000881888801
-0.000000000002	0.034470604792	-0.000000000001	0.029051907949	-0.000000000000	0.000000000000	-0.000000000000	0.017967972341	-0.000000000000	0.000000000000
0.000639421219	0.000000000001	-0.162452876892	0.000000000000	-0.029138656711	-0.152892109830	0.110867583386	-0.000000000000	-0.081547473428	-0.078811065258
0.000000000001	-0.025191554998	0.000000000001	0.056965111052	-0.000000000000	0.000000000000	0.000000000002	-0.109421973877	0.000000000001	-0.000000000000
0.034295093383	0.000000000004	-0.140478588659	-0.000000000000	0.086450650156	-0.117017546371	0.108845615998	-0.000000000000	0.088602510193	-0.061675388735
0.000000000004	-0.069061063266	0.000000000003	0.056244936680	-0.000000000000	-0.000000000000	0.000000000000	-0.022588464526	0.000000000000	-0.000000000000
0.076824537228	0.000000000008	0.008732051023	-0.000000000000	0.046940830370	0.008611793421	0.001189227276	0.000000000000	0.021084606236	0.001295730446
-0.000000000002	0.034629466200	-0.000000000001	0.028698482328	-0.000000000000	0.000000000000	-0.000000000000	0.018702740265	-0.000000000000	0.000000000000
0.000644241535	0.000000000001	-0.162727319664	0.000000000000	-0.028920726619	-0.156840640806	0.121317101564	-0.000000000000	-0.083621930638	-0.098035214750
0.000000000001	-0.025201263801	0.000000000001	0.057237825886	-0.000000000000	0.000000000000	0.000000000002	-0.111582987670	0.000000000001	-0.000000000000
0.034379045614	0.000000000004	-0.141256554727	-0.000000000000	0.087406624879	-0.120889193977	0.118868361795	-0.000000000000	0.091304929155	-0.079024213173
0.000000000004	-0.070629797004	0.000000000003	0.059833604566	-0.000000000000	-0.000000000000	0.000000000000	-0.029695951891	0.000000000000	-0.000000000000
0.078253895452	0.000000000008	0.008983773543	-0.000000000000	0.051782008594	0.009510260720	0.001583826114	0.000000000000	0.028377113088	0.001720260489
-0.000000000002	0.034782831921	-0.000000000001	0.028355233201	-0.000000000000	0.000000000000	-0.000000000000	0.019420722534	-0.000000000000	0.000000000000
0.000648526577	0.000000000001	-0.162963658642	0.000000000000	-0.028710044470	-0.160278126329	0.130573967608	-0.000000000000	-0.085321443782	-0.115455608413
0.000000000001	-0.025208668316	0.000000000001	0.057453653776	-0.000000000000	0.000000000000	0.000000000002	-0.113363510403	0.000000000001	-0.000000000000
0.034451687747	0.000000000004	-0.141933419123	-0.000000000000	0.088218005942	-0.124291667463	0.127786025054	-0.000000000000	0.093564549513	-0.094860726589
0.000000000004	-0.072199251656	0.000000000003	0.063432286014	-0.000000000000	-0.000000000000	0.000000000001	-0.036894584222	0.000000000000	-0.000000000000
0.079683328226	0.000000000008	0.009235724512	-0.000000000000	0.056638023705	0.010412992148	0.001983296683	0.000000000000	0.035797641145	0.002152987101
-0.000000000002	0.034931470688	-0.000000000001	0.028020803557	-0.000000000000	0.000000000000	-0.000000000000	0.020122235663	-0.000000000000	0.000000000000
0.000652244774	0.000000000001	-0.163162434344	0.000000000000	-0.028512512449	-0.163196570336	0.138553384175	-0.000000000000	-0.086664981534	-0.130755843597
0.000000000001	-0.025214082222	0.000000000001	0.057618153199	-0.000000000000	0.000000000000	0.000000000002	-0.114781207253	0.000000000001	-0.000000000000
0.034513054328	0.000000000004	-0.142508113628	-0.000000000000	0.088888393650	-0.127205757083	0.135500233268	-0.000000000000	0.095392183935	-0.108858034751
0.000000000004	-0.073769227988	0.000000000003	0.067037670450	-0.000000000000	-0.000000000000	0.000000000001	-0.044160041191	0.000000000000	-0.000000000000
0.081112802532	0.000000000009	0.009487820349	-0.000000000000	0.061504141285	0.011318712302	0.002386111337	0.000000000000	0.043312312450	0.002592139081
-0.000000000002	0.035076155870	-0.000000000001	0.027693747319	-0.000000000000	0.000000000000	-0.000000000000	0.020808086443	-0.000000000000	0.000000000000
0.000655363140	0.000000000001	-0.163324193721	0.000000000000	-0.028334606808	-0.165590471283	0.145184634025	-0.000000000000	-0.087679434058	-0.143664427572
0.000000000001	-0.025217817361	0.000000000001	0.057737409456	-0.000000000000	0.000000000000	0.000000000002	-0.115860945477	0.000000000001	-0.000000000000
0.034563180527	0.000000000004	-0.142979767422	-0.000000000000	0.089422472104	-0.129615450553	0.141928702565	-0.000000000000	0.096807968746	-0.120731409189
0.000000000004	-0.075339546115	0.000000000003	0.070646717329	-0.000000000000	-0.000000000000	0.000000000001	-0.051469089020	0.000000000000	-0.000000000000
0.082542293210	0.000000000009	0.009739968154	-0.000000000000	0.066376001789	0.012226094290	0.002791200617	0.000000000000	0.050888669727	0.003035319853
-0.000000000002	0.035217663965	-0.000000000001	0.027372555127	-0.000000000000	0.000000000000	-0.000000000000	0.021479496440	-0.000000000000	0.000000000000
0.000657848630	0.000000000001	-0.163449370074	0.000000000000	-0.028183068325	-0.167454940387	0.150406200615	-0.000000000000	-0.088395269317	-0.153947179147
0.000000000001	-0.025220184741	0.000000000001	0.057817770351	-0.000000000000	0.000000000000	0.000000000002	-0.116631385440	0.000000000001	-0.000000000000
0.034602102474	0.000000000004	-0.143347561748	-0.000000000000	0.089825568764	-0.131506192569	0.147000274524	-0.000000000000	0.097837723377	-0.130232406995
0.000000000004	-0.076910056030	0.000000000003	0.074256942411	-0.000000000000	-0.000000000000	0.000000000001	-0.058801160398	0.000000000000	-0.000000000000
0.083971782710	0.000000000009	0.009992108409	-0.000000000000	0.071249976288	0.013134121958	0.003197380552	0.000000000000	0.058497755718	0.003480825686
-0.000000000002	0.035356774867	-0.000000000001	0.027055646222	-0.000000000000	0.000000000000	-0.000000000000	0.022138113474	-0.000000000000	0.000000000000
0.000659667039	0.000000000001	-0.163538397010	0.000000000000	-0.028065182360	-0.168787588233	0.154171884181	-0.000000000000	-0.088850803117	-0.161424903220
0.000000000001	-0.025221493891	0.000000000001	0.057866094643	-0.000000000000	0.000000000000	0.000000000002	-0.117128488144	0.000000000001	-0.000000000000
0.034629856973	0.000000000004	-0.143610873041	-0.000000000000	0.090104123996	-0.132866777395	0.150661994311	-0.000000000000	0.098516884620	-0.137167373269
0.000000000004	-0.078480624439	0.000000000003	0.077866159961	-0.000000000000	-0.000000000000	0.000000000001	-0.066137254113	0.000000000000	-0.000000000000
0.085401259002	0.000000000009	0.010244180496	-0.000000000000	0.076122854170	0.014041804760	0.003603798923	0.000000000000	0.066112746118	0.003926620695
-0.000000000002	0.035494270430	-0.000000000001	0.026741397433	-0.000000000000	0.000000000000	-0.000000000000	0.022785876479	-0.000000000000	0.000000000000
0.000660783975	0.000000000001	-0.163591595500	0.000000000000	-0.027988514772	-0.169586646092	0.156445341804	-0.000000000000	-0.089087797031	-0.165961955566
0.000000000001	-0.025222053693	0.000000000001	0.057889494596	-0.000000000000	0.000000000000	0.000000000002	-0.117391999481	0.000000000001	-0.000000000000
0.034646481546	0.000000000004	-0.143769133255	-0.000000000000	0.090265199330	-0.133687570162	0.152873345841	-0.000000000000	0.098886619129	-0.141387247987
0.000000000004	-0.080051145718	0.000000000003	0.081472800238	-0.000000000000	-0.000000000000	0.000000000001	-0.073461971309	0.000000000000	-0.000000000000
0.086830715883	0.000000000009	0.010496151865	-0.000000000000	0.080992273485	0.014948454135	0.004009649184	0.000000000000	0.073711748904	0.004371265636
-0.000000000002	0.035630935091	-0.000000000001	0.026428125296	-0.000000000000	0.000000000000	-0.000000000000	0.023425109096	-0.000000000000	0.000000000000
0.000661164159	0.000000000001	-0.163609282410	0.000000000000	-0.027961125739	-0.169852836357	0.157206308173	-0.000000000000	-0.089155497235	-0.167483961419
0.000000000001	-0.025222171947	0.000000000001	0.057895576826	-0.000000000000	0.000000000000	0.000000000002	-0.117468959926	0.000000000001	-0.000000000000
0.034652014498	0.000000000004	-0.143821967745	-0.000000000000	0.090317002863	-0.133962373448	0.153613326748	-0.000000000000	0.098997875089	-0.142805796998
